Mantisa: 10 
Exponente: 3
Consultas:
Overflow: 1.12000000E+02
Epsilon: 0.25
Underflow: 5.562684646268003e-309
El numero 127.9375 en binario: 111111111111111
El numero 111111111111111 en decimal: 127.9375
