Mantisa: 23 
Exponente: 7
Consultas:
Overflow: 1.68811955E+38
Epsilon: 0.015625
Underflow: 0.0
El numero 3456.0 en binario: 11101100000000000000000000001100
El numero 101010101010101 en decimal: -3.2036534219787673e+25
